42882098
18844479
3995644
3995644
32405501
7291718
25345725
34208524
manual
manual
manual
manual
manual
19704447
19704447
19704447
19704447
44433190
13099559
13099559
manual
manual
manual
manual
manual
manual
manual
manual
manual
manual
manual
23121954
23121954
23121954
manual
46612636
27477831
27477831
44437933
31504266
298862539
manual
manual
manual
27466415
20868168
13901017
25342403
81017560
81015446
81017222
81016375
81016770
81012873
81018984
44464497
40928300
13099841
34039191
13154190
manual
manual
manual
12052800
27466664
11938906
25346380
25346380
manual
27313374
27313475
manual
44465392
manual
manual
manual
manual
19761696
manual
19792945
21095396
manual
manual
manual
manual
26183906
25742762
34678531
13858521
19173438
manual
18305727
19173544
18997551
19781485
26236106
manual
manual
manual
manual
manual
20948844
20868131
22269305
manual
21071843
19792922
21194069
298986163
22467911
21194090
298988519
122358221
26945301
27667938
14095623
manual
manual
27302813
27314857
27302872
25296651
20768691
55749842
46672009
manual
12314117
44433514
18997107
20868072
6306204
25814990
19942787
12312180
21639873
19975244
manual
12189362
8046175
8046175
8046175
8046175
25074404
12552211
18844468
21095378
22438651
manual
manual
manual
19057369
27008385
18997498
22098212
26199347
27351852
19171657
19064023
18850062
manual
manual
11972578
19792967
12079800
12079800
42824598
42824598
19792915
27165252
27165252
31080831
manual
22481538
27399432
18997462
21095146
27305382
manual
20937501
27306109
manual
21789349
19787180
21173999
25580607
26945194
30444056
25346706
manual
manual
21095533
21839874
49480393
11604942
26945270
32260452
27313504
25346405
25877583
26628524
15663323
21173980
26628545
25346522
25346522
32260416
21095210
manual
21839874
21839874
27165415
78724041
22485548
21094814
manual
19172305
26945231
26236092
26628473
12551697
21095505
14095722
15314974
22225466
manual
22159441
25341012
19942785
26628560
21179816
27165519
7292351
7292351
19542288
manual
42826923
42826923
19058896
20868123
19065324
manual
25325935
21094940
21101676
22473284
17276423
17276423
manual
19645778
33353128
33429290
22475407
25877560
21213635
27305269
18997728
manual
27165546
35954693
25742736
19542307
27313598
20868141
20868111
39829993
32672221
manual
25829653
44459361
26779665
25400199
21095470
25397072
25400216
25400216
42892964
27302725
25345701
24830410
18997059
18997059
21095423
54628053
18997688
19761635
28171059
manual
21095524
21095533
27313778
25296719
manual
27313829
26113164
manual
26167524
11958917
11992411
24637335
27302670
12110167
79613543
7326950
11510664
22455214
31164192
20839739
manual
18997335
18997364
18997420
18997420
18997197
11436027
26779714
26111898
manual
27321233
27313866
19916256
19916256
21173974
11235026
manual
22145497
22146138
12551599
22150648
22149846
21173990
22154344
26034191
19793153
20937513
22354543
27025464
26167382
manual
26167411
manual
manual
12214630
16799179
18076796
44466231
manual
21095563
25340829
26991507
26167443
manual
27306296
27306358
27165128
manual
25346842
manual
27315085
25347358
27305624
27165080
manual
26991580
25579601
26167465
26189209
manual
26991551
manual
26629251
14345117
25346256
27478176
27477987
27667905
manual
manual
17497094
44463396
31362843
13900797
6285987
13900788
manual
44462466
16110303
44438674
25347434
manual
12058148
12057878
12058272
manual
12058609
12058634
12052800