42824080
21095113
12554081
12554081
13901033
22320775
17276449
27463261
27463266
11971435
22475150
18994019
18994047
18994047
18994047
12888726
12888726
12888726
12888726
12888726
21921968
26113069
14393023
14393099
42840456
16397608
13144364
14269347
25296680
14095915
11760084
14095631
13900802
469723787
25346273
16960879
19542222
21179712
42840841
19793288
298129476
26824287
25742777
44466125
32360005
18997221
26824249
31301925
33966031
42827508
17004873
42824700
23932379
27478295
27315117
31480818
13832886
26846960
316079486
56506042
4068435
17528046
18996962
42832377
23698058
19092816
17560331
21095457
21650316
24652341
19058910
826858373
826858373
21101943
21024844
13999568
17065596
17065596
17065596
17064422
17064422
16952413
27340503
27341245
25347135
234607445
56914573
56505737
26236101
7535413
27341052
27341052
12781298
12814422
27524176
18996953
12841603
12841603
12841603
12841603
12841603
12841603
12841603
12841603
19787164
4604595
18997578
25877554
25877554
18997705
19479973
19479973
19479973
19479973
12798884
12798884
12798884
12798884
18997587
18997587
18997587
18997587
18997587
18997587
19792956
27463169
19173431
19173431
19173431
19173431
27302978
12851305
79081078
11369852
11369852
11369852
11369852
11369852
11369852
21213647
12314115
19059168
26991444
26991444
26991444
26991444
26454660
20768721
13110745
21208255
299171713
15321972
13099376
32707888
21095548
13120399
7115821
22443808
6289921
6289921
6289921
6289921
6289921
6289921
13098019
13098019
11918271
25345776
234791005
33092638
122986658
13097440
13099582
22219812
13113564
13101939
14095680
18997254
17381589
21182238
16069222
16069222
11918448
11918448
11918448
11918448
11918448
11918448
11918448
11918448
11918448
11918448
11918448
11918448
11918448
11918448
11918448
11918448
11918448
15163618
15627774
13139594
22221656
22221656
13135674
21640016
13136351
13160057
22260700
19049258
20839753
13140975
20839764
13145873
11841891
12237200
12216992
12216992
12216992
22262311
22262311
33092645
11867689
13581073
19059095
19059095
22472533
22472533
22472533
12549073
12549073
12549073
12549073
12549073
12549073
12549073
12549073
12549073
12549073
13150797
13150797
12803696
12803696
12803696
12803696
12803696
12803696
12803696
21178707
43492144
43492144
11973475
11973475
11973475
11973475
11918452
11918452
11918452
12134062
12344177
12344177
12344177
12344177
12344177
12344177
11467823
25654489
25654489
7050826
25345941
12214640
12107067
12107067
13156393
22043744
28986913
27316167
13156396
13183878
13707122
35954675
13981925
21790420
13116281
21627338
18485777
18485777
13045642
13045970
13045970
27826612
12643156
12643156
12643156
12643156
13900808
19173408
19173408
13006471
12960418
24830470
827307417
24554105
826749561
11972867
11968786
24758882
13202339
13202369
4754218
12804029
13203920
11977723
11977723
11977723
11977723
19173486
13050136
16561206
27477913
13159970
13141538
13010088
11867690
12275776
12275776
40733252
253869925
13117565
13118457
27316720
13118221
13180386
13131309
31688990
13160021
27826085
68231958
32540517
19173584
42811609
21314402
826771353
19920677
39494045
22475175
19793189
12134082
13170766
25347301
11866483
13120647
13120647
35259388
13173191
26779805
13080614
10014328
13203813
13073938
18401318
18401318
18401318
18401318
18401318
18401318
18401318
18401318
33092501
26628880
13309566
13198470
16004690
12865485
18201627
18201627
18201627
18201627
18201627
18201627
18201627
18201627
18201627
18201627
18201627
18201627
18201627
18201627
18201627
21714719
21714719
5139416
5139416
5139416
21095490
13177365
13303673
22262546
13183044
13192223
13157402
18997048
18997048
18997048
18997048
18997048
6333123
6333123
6333123
11760288
16448617
51303375
21095220
19025655
25346221
27465765
12231677
26476407
26629159
25345970
44438271
4078083
33995314
33995314
27465950
27804566
27804724
17243696
17243696
17255805
17243784
27804616
27804661
27804670
27804688
27804699
27804707
4893457
4893457
34718209
11619370
3995977
manual-diff
manual-diff
manual-diff
manual-diff
manual-diff
manual-diff
manual-diff
manual-diff
manual-diff
manual-diff
manual-diff
manual-diff
manual-diff
manual-diff
manual-diff
manual-diff
manual-diff
manual-diff
manual-diff
manual-diff
manual-diff
manual-diff
manual-diff
manual-diff
manual-diff
manual-diff
manual-diff
20536720
20536720
20536720
20536720
20536720
20536720
20536720
20536720
20536720
20536720
20536720
20536720
20536720
20536720
20536720
20536720
20536720
20536720
20536720
20536720
20536720
20536720
20536720
20536720
20536720
20536720
20536720
20536720
20536720
20536720
20536720
20536720
20536720
20536720
20536720
20536720
20536720
20536720
20536720
42882098
18844479
3995644
3995644
32405501
7291718
25345725
34208524
19712676
19712676
19712676
19712676
19712676
19704447
19704447
19704447
19704447
44433190
13099559
13099559
13900982
3957188
3957188
3957188
3957188
3957188
3957188
3957188
3957188
3957188
21095573
23121954
23121954
23121954
13900881
46612636
27477831
27477831
44437933
31504266
298862539
27826316
13075248
27466275
27466415
20868168
13901017
25342403
81017560
81015446
81017222
81016375
81016770
81012873
81018984
44464497
40928300
13099841
34039191
13154190
12553231
25653445
25653445
12052800
27466664
11938906
25346380
25346380
27313281
27313374
27313475
no matches found
44465392
19059071
19059071
19059071
19065067
19761696
13999459
19792945
21095396
25829665
25829665
25829665
27351624
26183906
25742762
34678531
13858521
19173438
19173475
18305727
19173544
18997551
19781485
26236106
4725649
4725649
4725649
4725649
19761950
20948844
20868131
22269305
21178694
21071843
19792922
21194069
298986163
22467911
21194090
298988519
122358221
26945301
27667938
14095623
25296687
27399388
27302813
27314857
27302872
25296651
20768691
55749842
46672009
17546045
12314117
44433514
18997107
20868072
6306204
25814990
19942787
12312180
21639873
19975244
25346463
12189362
8046175
8046175
8046175
8046175
25074404
12552211
18844468
21095378
22438651
25742788
22097679
22097679
19057369
27008385
18997498
22098212
26199347
27351852
19171657
19064023
18850062
27165219
27165219
11972578
19792967
12079800
12079800
42824598
42824598
19792915
27165252
27165252
31080831
19792911
22481538
27399432
18997462
21095146
27305382
26111886
20937501
27306109
24554529
21789349
19787180
21173999
25580607
26945194
30444056
25346706
25346706
25346706
21095533
21839874
49480393
11604942
26945270
32260452
27313504
25346405
25877583
26628524
15663323
21173980
26628545
25346522
25346522
32260416
21095210
21839821
21839874
21839874
27165415
78724041
22485548
21094814
27165476
19172305
26945231
26236092
26628473
12551697
21095505
14095722
15314974
22225466
7066982
22159441
25341012
19942785
26628560
21179816
27165519
7292351
7292351
19542288
21754469
42826923
42826923
19058896
20868123
19065324
27314896
25325935
21094940
21101676
22473284
17276423
17276423
16292851
19645778
33353128
33429290
22475407
25877560
21213635
27305269
18997728
26628451
27165546
35954693
25742736
19542307
27313598
20868141
20868111
39829993
32672221
26111862
25829653
44459361
26779665
25400199
21095470
25397072
25400216
25400216
42892964
27302725
25345701
24830410
18997059
18997059
21095423
54628053
18997688
19761635
28171059
25347160
21095524
21095533
27313778
25296719
12963841
27313829
26113164
26991632
26167524
11958917
11992411
24637335
27302670
12110167
79613543
7326950
11510664
22455214
31164192
20839739
18997607
18997335
18997364
18997420
18997420
18997197
11436027
26779714
26111898
27321132
27321233
27313866
19916256
19916256
21173974
11235026
21492403
22145497
22146138
12551599
22150648
22149846
21173990
22154344
26034191
19793153
20937513
22354543
27025464
26167382
28542419
26167411
27478135
22477358
12214630
16799179
18076796
44466231
20839722
21095563
25340829
26991507
26167443
27306236
27306296
27306358
27165128
27306424
25346842
19092685
27315085
25347358
27305624
27165080
25347360
26991580
25579601
26167465
26189209
26628779
26991551
27306527
26629251
14345117
25346256
27478176
27477987
27667905
27512354
25347296
17497094
44463396
31362843
13900797
6285987
13900788
19941468
44462466
16110303
44438674
25347434
16740686
12058148
12057878
12058272
no matches found
12058609
12058634
12052800
